beta_star: [1.4386527528212356 1.7003228171273745 2.356032853229971 3.3280490791603685 4.006881877940727; 0.03255763052095118 0.33162524541232824 0.9967547972852944 1.625556499064126 2.003584627754175; 0.0 0.0 0.0 0.0 0.0]
alpha_star: [1 1 1 1 1; 1 1 1 1 1; 0 0 0 0 0]
group: [1, 1, 0]
