mse: 0.0003349485572523557
rmse: 0.018301599854995073
mae: 0.01132710173524591
relative_error: 0.010519311643255192
